0 0 0 0 0 0 0 0 0 0 0 0 0 0 0 0 0 0 0 $
0 0 0 0 0 0 0 0 0 0 0 0 0 0 0 0 0 0 0 $
0 0 0 0 0 0 0 0 0 0 0 0 0 0 0 0 0 0 0 $
0 0 0 0 0 0 0 0 0 0 0 0 0 0 0 0 0 0 0 $
0 0 0 0 0 0 0 0 0 0 0 0 0 0 0 0 0 0 0 $
0 0 0 0 0 0 0 0 0 0 0 0 0 0 0 0 0 0 0 $
0 0 0 0 0 0 0 0 0 0 0 0 0 0 0 0 0 0 0 $
0 0 0 0 0 0 0 0 0 0 0 0 0 0 0 0 0 0 0 $
0 0 0 0 0 0 0 0 0 0 0 0 0 0 0 0 0 0 0 $
0 0 0 0 0 0 0 0 0 0 0 0 0 0 0 0 0 0 0 $
0 0 0 0 0 0 0 0 0 0 0 0 0 0 0 0 0 0 0 $
0 0 0 0 0 0 0 0 0 0 0 0 0 0 0 0 0 0 0 $
0 0 0 0 0 0 0 0 0 0 0 0 0 0 0 0 0 0 0 $
0 0 0 0 0 0 0 0 0 0 0 0 0 0 0 0 0 0 0 $
0 0 0 0 0 0 0 0 0 0 0 0 0 0 0 0 0 0 0 $
0 0 0 0 0 0 0 0 0 0 0 0 0 0 0 0 0 0 0 $
0 0 0 0 0 0 0 0 0 0 0 0 0 0 0 0 0 0 0 $
0 0 0 0 0 0 0 0 0 0 0 0 0 0 0 0 0 0 0 $
0 0 0 0 0 0 0 0 0 0 0 0 0 0 0 0 0 0 0 $
0 0 0 0 0 0 0 0 0 0 0 0 0 0 0 0 0 0 0 $
0 0 0 0 0 0 0 0 0 0 0 0 0 0 0 0 0 0 0 $
0 0 0 0 0 0 0 0 0 0 0 0 0 0 0 0 0 0 0 $
0 0 0 0 0 0 0 0 0 0 0 0 0 0 0 0 0 0 0 $
0 0 0 0 0 0 0 0 0 0 0 0 0 0 0 0 0 0 0 $
0 0 0 0 0 0 0 0 0 0 0 0 0 0 0 0 0 0 0 $
0 0 0 0 0 0 0 0 0 0 0 0 0 0 0 0 0 0 0 $
0 0 0 0 0 0 0 0 0 0 0 0 0 0 0 0 0 0 0 $
0 0 0 0 0 0 0 0 0 0 -2305327 0 0 0 -2305327 0 0 0 0 $
0 0 0 0 0 0 0 0 0 -15077221 -2305327 0 0 0 -2305327 0 0 0 0 $
0 -65536 0 0 -614637 -614637 -614637 -614637 -15077221 -15077221 -2305327 0 -15658548 -15658548 -2305327 0 0 0 0 $
0 0 0 0 0 0 0 0 0 0 0 0 0 0 0 0 0 0 0 $
0 0 0 0 0 0 0 0 0 0 0 0 0 0 0 0 0 0 0 $
0 0 0 0 0 0 0 0 0 0 0 0 0 0 0 0 0 0 0 $
0 0 0 0 0 0 0 0 0 0 0 0 0 0 0 0 0 0 0 $
0 -65536 0 0 $
0 -65536 0 0 $
-65536 -65536 0 0 $
0 0 0 0 $
6
12
2
0
700
150.000000
319.583333
0.180000
0.180000
0.144000
62.311000
