0 0 0 0 0 0 0 0 0 0 0 0 0 0 0 0 0 0 0 $
0 0 0 0 0 0 0 0 0 0 0 0 0 0 0 0 0 0 0 $
0 0 0 0 0 0 0 0 0 0 0 0 0 0 0 0 0 0 0 $
0 0 0 0 0 0 0 0 0 0 0 0 0 0 0 0 0 0 0 $
0 0 0 0 0 0 0 0 0 0 0 0 0 0 0 0 0 0 0 $
0 0 0 0 0 0 0 0 0 0 0 0 0 0 0 0 0 0 0 $
0 0 0 0 0 0 0 0 0 0 0 0 0 0 0 0 0 0 0 $
0 0 0 0 0 0 0 0 0 0 0 0 0 0 0 0 0 0 0 $
0 0 0 0 0 0 0 0 0 0 0 0 0 0 0 0 0 0 0 $
0 0 0 0 0 0 0 0 0 0 0 0 0 0 0 0 0 0 0 $
0 0 0 0 0 0 0 0 0 0 0 0 0 0 0 0 0 0 0 $
0 0 0 0 0 0 0 0 0 0 0 0 0 0 0 0 0 0 0 $
0 0 0 0 0 0 0 0 0 0 0 0 0 0 0 0 0 0 0 $
0 0 0 0 0 0 0 0 0 0 0 0 0 0 0 0 0 0 0 $
0 0 0 0 0 0 0 0 0 0 0 0 0 0 0 0 0 0 0 $
0 0 0 0 0 0 0 0 0 0 0 0 0 0 0 0 0 0 0 $
0 0 0 0 0 0 0 0 0 0 0 0 0 0 0 0 0 0 0 $
0 0 0 0 0 0 0 0 0 0 0 0 0 0 0 0 0 0 0 $
0 0 0 0 0 0 0 0 0 0 0 0 0 0 0 0 0 0 0 $
0 0 0 0 0 0 0 0 0 0 0 0 0 0 0 0 0 0 0 $
0 0 0 0 0 0 0 0 0 0 0 0 0 0 0 0 0 0 0 $
0 0 0 0 0 0 0 0 0 0 0 0 0 0 0 0 0 0 0 $
0 0 0 0 0 0 0 0 0 0 0 0 0 0 0 0 0 0 0 $
0 0 0 0 0 0 0 0 0 0 0 0 0 0 0 0 0 0 0 $
0 0 0 0 0 0 0 0 0 0 0 0 0 0 0 0 0 0 0 $
0 0 0 0 0 0 0 0 0 0 0 0 0 0 0 0 0 0 0 $
0 0 0 0 0 0 0 0 0 0 0 0 0 0 0 0 0 0 0 $
0 0 0 0 0 0 0 0 0 0 0 0 0 0 0 0 0 0 0 $
0 0 0 0 0 0 0 -65536 0 0 0 0 -2305327 0 0 0 0 0 0 $
-15077221 -614637 -614637 0 0 0 0 -65536 -2305327 0 0 -15077221 -2305327 0 0 0 0 0 0 $
0 0 0 0 0 0 0 0 0 0 0 0 0 0 0 0 0 0 0 $
0 0 0 0 0 0 0 0 0 0 0 0 0 0 0 0 0 0 0 $
0 0 0 0 0 0 0 0 0 0 0 0 0 0 0 0 0 0 0 $
0 0 0 0 0 0 0 0 0 0 0 0 0 0 0 0 0 0 0 $
-15319200 -15319200 0 0 $
-15319200 -15319200 0 0 $
0 0 0 0 $
0 0 0 0 $
6
2
8
0
15700
150.000000
67.426738
0.095659
0.095659
0.067000
228.330000
