0 0 0 0 0 0 0 0 0 0 0 0 0 0 0 0 0 0 0 $
0 0 0 0 0 0 0 0 0 0 0 0 0 0 0 0 0 0 0 $
0 0 0 0 0 0 0 0 0 0 0 0 0 0 0 0 0 0 0 $
0 0 0 0 0 0 0 0 0 0 0 0 0 0 0 0 0 0 0 $
0 0 0 0 0 0 0 0 0 0 0 0 0 0 0 0 0 0 0 $
0 0 0 0 0 0 0 0 0 0 0 0 0 0 0 0 0 0 0 $
0 0 0 0 0 0 0 0 0 0 0 0 0 0 0 0 0 0 0 $
0 0 0 0 0 0 0 0 0 0 0 0 0 0 0 0 0 0 0 $
0 0 0 0 0 0 0 0 0 0 0 0 0 0 0 0 0 0 0 $
0 0 0 0 0 0 0 0 0 0 0 0 0 0 0 0 0 0 0 $
0 0 0 0 0 0 0 0 0 0 0 0 0 0 0 0 0 0 0 $
0 0 0 0 0 0 0 0 0 0 0 0 0 0 0 0 0 0 0 $
0 0 0 0 0 0 0 0 0 0 0 0 0 0 0 0 0 0 0 $
0 0 0 0 0 0 0 0 0 0 0 0 0 0 0 0 0 0 0 $
0 0 0 0 0 0 0 0 0 0 0 0 0 0 0 0 0 0 0 $
0 0 0 0 0 0 0 0 0 0 0 0 0 0 0 0 0 0 0 $
0 0 0 0 0 0 0 0 0 0 0 0 0 0 0 0 0 0 0 $
0 0 0 0 0 0 0 0 0 0 0 0 0 0 0 0 0 0 0 $
0 0 0 0 0 0 0 0 0 0 0 0 0 0 0 0 0 0 0 $
0 0 0 0 0 0 0 0 0 0 0 0 0 0 0 0 0 0 0 $
0 0 0 0 0 0 0 0 0 0 0 0 0 0 0 0 0 0 0 $
0 0 0 0 0 0 0 0 0 0 0 0 0 0 0 0 0 0 0 $
0 0 0 0 0 0 0 0 0 0 0 0 0 0 0 0 0 0 0 $
0 0 0 0 0 0 0 0 0 0 0 0 0 0 0 0 0 0 0 $
0 0 0 0 0 0 0 -12407189 0 0 0 0 0 0 0 0 0 0 0 $
0 -12407189 0 0 0 0 0 -12407189 0 0 0 0 0 0 0 0 0 0 0 $
-12407189 -12407189 0 0 -15319200 -15319200 -65536 -12407189 -12407189 -65536 0 -12407189 0 0 0 0 0 0 0 $
-12407189 -12407189 -12407189 0 -15319200 -15319200 -65536 -65536 -65536 -65536 -65536 -12407189 0 0 0 0 0 0 0 $
-12407189 -12407189 -614637 0 -15319200 -15319200 -614637 -614637 -65536 -65536 -65536 -12407189 -12407189 -12407189 0 0 0 0 0 $
-2305327 -614637 -614637 0 -15319200 -15319200 -15077221 -614637 -614637 -65536 -65536 -12407189 -12407189 -12407189 -12407189 0 0 0 0 $
0 0 0 0 0 0 0 0 0 0 0 0 0 0 0 0 0 0 0 $
0 0 0 0 0 0 0 0 0 0 0 0 0 0 0 0 0 0 0 $
0 0 0 0 0 0 0 0 0 0 0 0 0 0 0 0 0 0 0 $
0 0 0 0 0 0 0 0 0 0 0 0 0 0 0 0 0 0 0 $
-12407189 0 0 0 $
-12407189 0 0 0 $
-12407189 -12407189 0 0 $
0 0 0 0 $
6
2
9
0
12900
150.000000
54.882229
0.086093
0.086093
0.019000
87.615000
